c This is a unit distributed  1-D DIMACS file 
c width height point_number
p 1000 1000 32
1 0
2 0
3 0
4 0
5 0
6 0
7 0
8 0
9 0
10 0
11 0
12 0
13 0
14 0
15 0
16 0
17 0
18 0
19 0
20 0
21 0
22 0
23 0
24 0
25 0
26 0
27 0
28 0
29 0
30 0
31 0
32 0
d 4/3
Page_0: 
(2, 0)
(4, 2)
(6, 4)
(8, 6)
(10, 8)
(12, 10)
(14, 12)
(16, 14)
(18, 16)
(20, 18)
(22, 20)
(24, 22)
(26, 24)
(28, 26)
(30, 28)
Page_1: 
(3, 1)
(5, 3)
(7, 5)
(9, 7)
(11, 9)
(13, 11)
(15, 13)
(17, 15)
(19, 17)
(21, 19)
(23, 21)
(25, 23)
(27, 25)
(29, 27)
(31, 29)
