c This is a uniform distributed  1-D DIMACS file 
c width height point_number
p 1000 1000 32
34 0
46 0
56 0
150 0
173 0
184 0
185 0
193 0
201 0
243 0
250 0
272 0
276 0
449 0
476 0
522 0
532 0
570 0
572 0
589 0
624 0
652 0
702 0
714 0
729 0
745 0
825 0
895 0
900 0
952 0
960 0
991 0
d 37/32
Page_0: 
(2, 0)
(3, 0)
(6, 3)
(6, 4)
(10, 7)
(10, 8)
(12, 10)
(13, 10)
(14, 10)
(15, 10)
(18, 15)
(18, 16)
(21, 19)
(24, 22)
(25, 22)
(28, 25)
(28, 26)
(31, 29)
Page_1: 
(4, 1)
(7, 5)
(8, 5)
(12, 9)
(16, 13)
(16, 14)
(19, 17)
(20, 17)
(23, 20)
(23, 21)
(25, 23)
(26, 23)
(30, 27)
