c This is a uniform distributed  1-D DIMACS file 
c width height point_number
p 1000 1000 32
60 0
73 0
190 0
317 0
336 0
355 0
373 0
404 0
412 0
443 0
545 0
553 0
611 0
627 0
633 0
643 0
659 0
663 0
689 0
716 0
728 0
748 0
771 0
791 0
799 0
800 0
824 0
838 0
862 0
887 0
969 0
977 0
d 55/43
Page_0: 
(2, 0)
(6, 2)
(6, 3)
(6, 4)
(9, 7)
(12, 7)
(12, 10)
(14, 12)
(16, 14)
(18, 16)
(19, 16)
(21, 19)
(22, 19)
(24, 22)
(26, 24)
(28, 26)
(29, 26)
(31, 29)
Page_1: 
(3, 1)
(5, 3)
(8, 5)
(8, 6)
(11, 9)
(15, 13)
(17, 15)
(20, 18)
(25, 20)
(25, 21)
(25, 23)
(27, 25)
(29, 27)
(30, 27)
