c This is a uniform distributed  1-D DIMACS file 
c width height point_number
p 1000 1000 32
13 0
119 0
140 0
182 0
203 0
213 0
237 0
241 0
265 0
301 0
336 0
424 0
439 0
444 0
457 0
499 0
537 0
540 0
597 0
603 0
650 0
660 0
664 0
669 0
770 0
816 0
832 0
834 0
854 0
908 0
916 0
933 0
d 73/63
Page_0: 
(3, 0)
(3, 1)
(7, 4)
(7, 5)
(10, 8)
(13, 11)
(17, 13)
(17, 14)
(17, 15)
(20, 18)
(22, 20)
(23, 20)
(24, 20)
(25, 20)
(26, 20)
(28, 26)
(30, 28)
Page_1: 
(2, 0)
(5, 2)
(5, 3)
(8, 6)
(9, 6)
(12, 9)
(12, 10)
(14, 12)
(15, 12)
(19, 16)
(21, 19)
(23, 21)
(27, 24)
(27, 25)
(31, 29)
