c This is a uniform distributed  1-D DIMACS file 
c width height point_number
p 1000 1000 32
45 0
105 0
116 0
117 0
125 0
140 0
166 0
167 0
216 0
218 0
225 0
257 0
276 0
289 0
335 0
339 0
348 0
530 0
539 0
598 0
614 0
627 0
665 0
697 0
711 0
746 0
747 0
783 0
813 0
815 0
830 0
904 0
d 88/75
Page_0: 
(2, 0)
(4, 2)
(5, 2)
(8, 6)
(10, 8)
(11, 8)
(13, 11)
(15, 13)
(18, 16)
(21, 16)
(21, 18)
(21, 19)
(23, 21)
(26, 23)
(26, 24)
(29, 27)
Page_1: 
(4, 0)
(3, 1)
(7, 4)
(7, 5)
(12, 9)
(14, 12)
(16, 14)
(19, 17)
(22, 19)
(22, 20)
(24, 22)
(27, 25)
(30, 28)
(31, 28)
