c This is a uniform distributed  1-D DIMACS file 
c width height point_number
p 1000 1000 32
67 0
85 0
112 0
125 0
132 0
187 0
189 0
281 0
318 0
338 0
365 0
381 0
387 0
391 0
423 0
446 0
475 0
482 0
486 0
508 0
567 0
592 0
610 0
622 0
629 0
831 0
842 0
872 0
883 0
923 0
930 0
987 0
d 131/110
Page_0: 
(2, 0)
(6, 3)
(9, 7)
(11, 9)
(13, 11)
(14, 11)
(17, 14)
(19, 17)
(20, 17)
(22, 20)
(24, 22)
(27, 24)
(27, 25)
(30, 27)
(30, 28)
Page_1: 
(4, 1)
(4, 2)
(7, 5)
(10, 8)
(13, 10)
(15, 13)
(18, 15)
(18, 16)
(21, 19)
(23, 21)
(24, 21)
(25, 21)
(28, 25)
(28, 26)
(31, 29)
