c This is a uniform distributed  1-D DIMACS file 
c width height point_number
p 1000 1000 32
60 0
61 0
78 0
115 0
118 0
185 0
215 0
280 0
298 0
317 0
335 0
341 0
342 0
437 0
603 0
611 0
616 0
630 0
642 0
662 0
713 0
738 0
765 0
793 0
816 0
821 0
853 0
887 0
897 0
913 0
976 0
993 0
d 107/80
Page_0: 
(4, 0)
(4, 1)
(4, 2)
(8, 4)
(8, 5)
(8, 6)
(11, 8)
(11, 9)
(13, 11)
(17, 13)
(16, 14)
(19, 17)
(20, 17)
(22, 20)
(25, 22)
(25, 23)
(28, 26)
(31, 28)
(31, 29)
Page_1: 
(2, 0)
(6, 2)
(5, 3)
(6, 3)
(9, 7)
(14, 7)
(15, 7)
(12, 10)
(17, 15)
(18, 15)
(21, 19)
(23, 21)
(26, 24)
(27, 24)
(29, 27)
