c This is a uniform distributed  1-D DIMACS file 
c width height point_number
p 1000 1000 32
57 0
126 0
188 0
235 0
239 0
242 0
297 0
348 0
349 0
383 0
418 0
437 0
473 0
478 0
502 0
535 0
572 0
578 0
630 0
639 0
734 0
761 0
763 0
764 0
831 0
897 0
919 0
951 0
953 0
957 0
971 0
989 0
d 10/9
Page_0: 
(2, 0)
(4, 2)
(6, 4)
(8, 6)
(11, 9)
(14, 12)
(15, 12)
(16, 12)
(18, 16)
(19, 16)
(23, 20)
(23, 21)
(25, 23)
(29, 25)
(28, 26)
(31, 29)
Page_1: 
(3, 0)
(3, 1)
(5, 3)
(7, 5)
(9, 7)
(10, 7)
(13, 10)
(13, 11)
(17, 14)
(17, 15)
(20, 18)
(22, 20)
(24, 22)
(26, 24)
(29, 27)
(30, 27)
