c This is a uniform distributed  1-D DIMACS file 
c width height point_number
p 1000 1000 32
8 0
23 0
27 0
183 0
185 0
280 0
292 0
299 0
312 0
361 0
383 0
416 0
438 0
443 0
454 0
474 0
485 0
546 0
548 0
568 0
607 0
623 0
676 0
715 0
788 0
814 0
822 0
836 0
860 0
906 0
942 0
986 0
d 6/5
Page_0: 
(5, 0)
(3, 1)
(5, 3)
(7, 5)
(8, 5)
(10, 8)
(12, 10)
(14, 12)
(15, 12)
(18, 15)
(21, 19)
(24, 22)
(26, 24)
(28, 26)
(29, 26)
(31, 29)
Page_1: 
(2, 0)
(4, 2)
(8, 6)
(9, 6)
(11, 9)
(13, 11)
(16, 14)
(19, 17)
(20, 17)
(22, 20)
(23, 20)
(25, 23)
(27, 25)
(28, 25)
(30, 28)
(31, 28)
