c This is a uniform distributed  1-D DIMACS file 
c width height point_number
p 1000 1000 32
24 0
60 0
66 0
72 0
74 0
88 0
114 0
136 0
265 0
322 0
328 0
371 0
380 0
492 0
499 0
561 0
563 0
566 0
585 0
682 0
686 0
692 0
721 0
731 0
733 0
746 0
776 0
803 0
824 0
849 0
903 0
949 0
d 100/79
Page_0: 
(3, 0)
(5, 3)
(6, 3)
(9, 3)
(8, 6)
(12, 9)
(16, 13)
(18, 16)
(19, 16)
(22, 20)
(24, 22)
(26, 24)
(28, 26)
(29, 26)
(31, 29)
Page_1: 
(4, 1)
(5, 1)
(4, 2)
(7, 5)
(10, 7)
(10, 8)
(14, 11)
(15, 11)
(17, 15)
(21, 18)
(21, 19)
(25, 23)
(27, 23)
(29, 27)
(30, 27)
