c This is a uniform distributed  1-D DIMACS file 
c width height point_number
p 1000 1000 32
28 0
30 0
100 0
110 0
128 0
149 0
274 0
321 0
376 0
429 0
557 0
589 0
629 0
635 0
650 0
664 0
671 0
681 0
686 0
690 0
773 0
782 0
785 0
797 0
810 0
847 0
865 0
889 0
893 0
911 0
954 0
955 0
d 236/181
Page_0: 
(4, 1)
(4, 2)
(6, 4)
(8, 6)
(9, 6)
(13, 9)
(13, 10)
(13, 11)
(16, 13)
(16, 14)
(19, 16)
(20, 16)
(21, 16)
(19, 17)
(23, 21)
(24, 21)
(25, 21)
(28, 25)
(28, 26)
(31, 29)
Page_1: 
(2, 0)
(5, 2)
(7, 2)
(9, 7)
(10, 7)
(11, 7)
(14, 12)
(17, 15)
(22, 15)
(22, 20)
(26, 24)
(29, 27)
