c This is a uniform distributed  1-D DIMACS file 
c width height point_number
p 1000 1000 32
80 0
178 0
183 0
225 0
297 0
316 0
318 0
329 0
391 0
400 0
418 0
425 0
427 0
454 0
484 0
502 0
549 0
605 0
639 0
653 0
659 0
686 0
757 0
851 0
869 0
883 0
893 0
902 0
909 0
923 0
967 0
996 0
d 35/26
Page_0: 
(2, 0)
(3, 0)
(6, 3)
(6, 4)
(11, 7)
(11, 8)
(11, 9)
(15, 11)
(15, 12)
(15, 13)
(19, 15)
(19, 16)
(19, 17)
(21, 19)
(26, 21)
(26, 22)
(26, 23)
(26, 24)
(28, 26)
(30, 28)
(31, 28)
Page_1: 
(3, 1)
(4, 1)
(7, 5)
(8, 5)
(9, 5)
(12, 10)
(13, 10)
(16, 14)
(17, 14)
(23, 17)
(20, 18)
(22, 18)
(27, 25)
(29, 27)
