c This is a uniform distributed  1-D DIMACS file 
c width height point_number
p 1000 1000 32
1 0
45 0
59 0
110 0
123 0
127 0
150 0
175 0
184 0
295 0
314 0
361 0
388 0
394 0
423 0
440 0
457 0
534 0
565 0
600 0
607 0
677 0
710 0
714 0
765 0
819 0
824 0
872 0
873 0
898 0
947 0
952 0
d 128/111
Page_0: 
(3, 1)
(6, 4)
(7, 4)
(9, 7)
(10, 7)
(13, 10)
(13, 11)
(16, 14)
(18, 16)
(21, 19)
(23, 21)
(26, 23)
(26, 24)
(29, 27)
Page_1: 
(2, 0)
(5, 2)
(5, 3)
(8, 6)
(11, 9)
(14, 12)
(15, 12)
(17, 15)
(20, 17)
(20, 18)
(24, 22)
(28, 25)
(31, 29)
