c This is a uniform distributed  1-D DIMACS file 
c width height point_number
p 1000 1000 32
40 0
44 0
147 0
322 0
324 0
357 0
363 0
367 0
392 0
393 0
395 0
400 0
448 0
504 0
563 0
580 0
679 0
693 0
694 0
746 0
785 0
815 0
831 0
836 0
840 0
854 0
873 0
885 0
898 0
919 0
943 0
994 0
d 59/46
Page_0: 
(6, 0)
(6, 1)
(5, 2)
(5, 3)
(9, 6)
(14, 6)
(12, 9)
(13, 9)
(18, 14)
(18, 15)
(18, 16)
(22, 18)
(22, 19)
(22, 20)
(24, 22)
(25, 22)
(27, 25)
(29, 27)
(31, 29)
Page_1: 
(2, 0)
(7, 4)
(7, 5)
(10, 8)
(11, 8)
(15, 12)
(15, 13)
(19, 16)
(20, 16)
(23, 21)
(26, 24)
(28, 26)
(30, 28)
