c This is a uniform distributed  1-D DIMACS file 
c width height point_number
p 1000 1000 32
27 0
32 0
76 0
131 0
162 0
205 0
228 0
265 0
282 0
319 0
325 0
334 0
336 0
363 0
366 0
411 0
451 0
496 0
514 0
528 0
619 0
623 0
638 0
698 0
714 0
749 0
849 0
902 0
907 0
930 0
981 0
988 0
d 97/74
Page_0: 
(3, 1)
(6, 3)
(6, 4)
(9, 7)
(14, 11)
(14, 12)
(16, 14)
(18, 14)
(18, 16)
(20, 18)
(23, 21)
(24, 21)
(26, 24)
(28, 26)
(31, 28)
(31, 29)
Page_1: 
(2, 0)
(4, 0)
(4, 2)
(8, 5)
(8, 6)
(12, 8)
(12, 9)
(12, 10)
(15, 13)
(17, 15)
(19, 17)
(22, 20)
(25, 23)
(29, 27)
