c This is a uniform distributed  1-D DIMACS file 
c width height point_number
p 1000 1000 32
17 0
32 0
33 0
35 0
49 0
55 0
86 0
119 0
120 0
139 0
167 0
222 0
254 0
367 0
377 0
400 0
453 0
455 0
461 0
549 0
550 0
576 0
579 0
626 0
789 0
820 0
860 0
894 0
905 0
971 0
991 0
999 0
d 27/23
Page_0: 
(4, 1)
(5, 1)
(7, 5)
(9, 7)
(10, 7)
(12, 10)
(14, 12)
(17, 15)
(22, 18)
(22, 19)
(24, 22)
(26, 24)
(29, 27)
Page_1: 
(3, 0)
(3, 1)
(6, 4)
(8, 6)
(11, 9)
(13, 11)
(15, 13)
(16, 13)
(18, 16)
(19, 16)
(20, 16)
(23, 21)
(25, 23)
(28, 25)
(28, 26)
(31, 28)
(31, 29)
