c This is a uniform distributed  1-D DIMACS file 
c width height point_number
p 1000 1000 32
12 0
23 0
81 0
88 0
123 0
141 0
157 0
193 0
234 0
236 0
255 0
288 0
300 0
312 0
347 0
357 0
370 0
400 0
419 0
442 0
485 0
602 0
655 0
665 0
707 0
743 0
758 0
779 0
854 0
879 0
880 0
930 0
d 66/53
Page_0: 
(3, 0)
(6, 4)
(9, 7)
(12, 10)
(14, 12)
(16, 14)
(18, 16)
(20, 18)
(21, 18)
(23, 21)
(26, 24)
(28, 26)
(29, 26)
(31, 29)
Page_1: 
(4, 2)
(5, 2)
(7, 5)
(8, 5)
(10, 8)
(11, 8)
(13, 11)
(15, 13)
(17, 15)
(19, 17)
(20, 17)
(22, 20)
(24, 22)
(25, 22)
(27, 25)
(30, 28)
