c This is a uniform distributed  1-D DIMACS file 
c width height point_number
p 1000 1000 32
4 0
39 0
41 0
44 0
69 0
79 0
87 0
102 0
106 0
116 0
117 0
149 0
159 0
164 0
311 0
405 0
408 0
413 0
471 0
474 0
525 0
542 0
579 0
590 0
615 0
633 0
697 0
709 0
710 0
772 0
801 0
920 0
d 54/43
Page_0: 
(3, 1)
(4, 1)
(8, 4)
(8, 5)
(8, 6)
(11, 9)
(13, 11)
(17, 13)
(17, 14)
(21, 17)
(20, 18)
(21, 18)
(24, 22)
(25, 22)
(28, 26)
(30, 28)
Page_1: 
(2, 0)
(6, 2)
(6, 3)
(6, 4)
(10, 7)
(15, 7)
(10, 8)
(14, 12)
(17, 15)
(18, 15)
(19, 15)
(23, 20)
(23, 21)
(26, 24)
(29, 27)
(31, 29)
