c This is a uniform distributed  1-D DIMACS file 
c width height point_number
p 1000 1000 32
27 0
75 0
81 0
96 0
105 0
108 0
129 0
241 0
287 0
305 0
324 0
395 0
403 0
436 0
453 0
481 0
513 0
522 0
571 0
583 0
588 0
627 0
670 0
672 0
680 0
723 0
773 0
781 0
806 0
860 0
906 0
974 0
d 29/25
Page_0: 
(3, 1)
(6, 4)
(9, 6)
(9, 7)
(12, 9)
(12, 10)
(15, 13)
(18, 16)
(19, 16)
(21, 19)
(23, 21)
(25, 23)
(27, 25)
(30, 28)
(31, 28)
Page_1: 
(2, 0)
(5, 2)
(5, 3)
(7, 5)
(10, 7)
(10, 8)
(13, 11)
(14, 11)
(17, 14)
(17, 15)
(20, 18)
(24, 22)
(26, 22)
(28, 26)
(29, 26)
(31, 29)
