c This is a uniform distributed  1-D DIMACS file 
c width height point_number
p 1000 1000 32
17 0
42 0
83 0
133 0
143 0
161 0
189 0
207 0
256 0
257 0
272 0
280 0
297 0
358 0
403 0
536 0
590 0
649 0
663 0
714 0
757 0
763 0
772 0
805 0
808 0
817 0
822 0
833 0
858 0
870 0
901 0
956 0
d 232/187
Page_0: 
(2, 0)
(4, 2)
(7, 5)
(9, 7)
(12, 10)
(14, 10)
(18, 15)
(18, 16)
(22, 18)
(22, 19)
(22, 20)
(25, 23)
(26, 23)
(29, 27)
Page_1: 
(3, 0)
(3, 1)
(5, 3)
(6, 3)
(8, 6)
(10, 8)
(11, 8)
(13, 11)
(15, 13)
(16, 13)
(19, 17)
(24, 22)
(27, 25)
(28, 25)
(30, 28)
(31, 28)
