c This is a uniform distributed  1-D DIMACS file 
c width height point_number
p 1000 1000 32
7 0
62 0
73 0
111 0
119 0
144 0
164 0
201 0
225 0
252 0
255 0
334 0
346 0
351 0
353 0
408 0
487 0
522 0
553 0
555 0
573 0
617 0
620 0
700 0
788 0
789 0
820 0
854 0
883 0
903 0
908 0
932 0
d 81/61
Page_0: 
(2, 0)
(5, 3)
(6, 3)
(10, 7)
(10, 8)
(12, 10)
(14, 12)
(19, 14)
(19, 15)
(19, 16)
(19, 17)
(21, 19)
(23, 21)
(25, 23)
(28, 26)
(31, 29)
Page_1: 
(5, 0)
(4, 1)
(5, 1)
(7, 5)
(8, 5)
(11, 9)
(13, 11)
(16, 11)
(15, 13)
(20, 18)
(22, 20)
(24, 22)
(26, 24)
(27, 24)
(30, 27)
(30, 28)
