c This is a uniform distributed  1-D DIMACS file 
c width height point_number
p 1000 1000 32
21 0
72 0
88 0
100 0
103 0
107 0
122 0
131 0
161 0
192 0
215 0
271 0
277 0
309 0
331 0
344 0
373 0
386 0
414 0
436 0
459 0
467 0
492 0
615 0
662 0
664 0
701 0
770 0
806 0
861 0
872 0
956 0
d 55/42
Page_0: 
(4, 1)
(4, 2)
(6, 4)
(8, 6)
(9, 6)
(12, 9)
(12, 10)
(14, 12)
(16, 14)
(17, 14)
(21, 18)
(21, 19)
(23, 21)
(24, 21)
(26, 24)
(27, 24)
(30, 27)
(30, 28)
Page_1: 
(3, 0)
(5, 3)
(7, 3)
(10, 8)
(13, 11)
(15, 13)
(18, 16)
(19, 16)
(22, 20)
(25, 23)
(28, 26)
(31, 29)
