c This is a uniform distributed  1-D DIMACS file 
c width height point_number
p 1000 1000 32
19 0
36 0
46 0
90 0
123 0
141 0
155 0
187 0
190 0
198 0
216 0
266 0
292 0
295 0
305 0
347 0
394 0
422 0
501 0
538 0
540 0
663 0
728 0
764 0
798 0
827 0
832 0
857 0
886 0
896 0
972 0
981 0
d 95/77
Page_0: 
(3, 1)
(6, 3)
(6, 4)
(9, 6)
(13, 9)
(13, 10)
(13, 11)
(15, 13)
(17, 15)
(20, 17)
(20, 18)
(24, 21)
(24, 22)
(27, 25)
(28, 25)
(31, 28)
Page_1: 
(2, 0)
(5, 2)
(5, 3)
(7, 5)
(9, 7)
(10, 7)
(11, 7)
(14, 12)
(16, 14)
(18, 16)
(21, 19)
(23, 21)
(26, 23)
(26, 24)
(29, 27)
