c This is a uniform distributed  1-D DIMACS file 
c width height point_number
p 1000 1000 32
32 0
38 0
126 0
133 0
138 0
157 0
202 0
251 0
307 0
331 0
394 0
420 0
431 0
491 0
496 0
500 0
534 0
550 0
552 0
553 0
566 0
607 0
676 0
778 0
780 0
800 0
831 0
860 0
868 0
927 0
962 0
992 0
d 43/35
Page_0: 
(5, 1)
(5, 3)
(9, 5)
(9, 6)
(9, 7)
(12, 9)
(12, 10)
(15, 13)
(16, 13)
(18, 16)
(23, 16)
(20, 18)
(21, 18)
(23, 21)
(25, 23)
(26, 23)
(29, 27)
(30, 27)
Page_1: 
(2, 0)
(4, 2)
(6, 4)
(7, 4)
(10, 8)
(13, 11)
(14, 11)
(17, 15)
(19, 17)
(22, 17)
(24, 22)
(28, 25)
(28, 26)
(31, 29)
