c This is a uniform distributed  1-D DIMACS file 
c width height point_number
p 1000 1000 32
17 0
55 0
87 0
140 0
152 0
164 0
174 0
235 0
242 0
251 0
262 0
299 0
431 0
464 0
484 0
504 0
526 0
552 0
669 0
702 0
740 0
780 0
802 0
823 0
866 0
908 0
925 0
929 0
960 0
966 0
973 0
988 0
d 41/31
Page_0: 
(5, 0)
(5, 1)
(5, 2)
(5, 3)
(9, 5)
(9, 6)
(9, 7)
(11, 9)
(14, 9)
(14, 11)
(14, 12)
(16, 14)
(19, 16)
(21, 19)
(23, 21)
(25, 23)
(27, 25)
(30, 28)
(31, 28)
Page_1: 
(2, 0)
(6, 3)
(6, 4)
(10, 7)
(12, 7)
(13, 7)
(10, 8)
(15, 13)
(17, 15)
(20, 18)
(22, 20)
(24, 22)
(26, 24)
(29, 26)
(29, 27)
