c This is a uniform distributed  1-D DIMACS file 
c width height point_number
p 1000 1000 32
17 0
59 0
90 0
133 0
188 0
228 0
241 0
256 0
278 0
308 0
321 0
368 0
380 0
415 0
435 0
450 0
460 0
547 0
658 0
707 0
717 0
804 0
805 0
818 0
837 0
844 0
856 0
860 0
879 0
886 0
896 0
963 0
d 169/129
Page_0: 
(2, 0)
(4, 2)
(7, 4)
(7, 5)
(10, 7)
(10, 8)
(13, 11)
(14, 11)
(16, 14)
(17, 14)
(20, 17)
(20, 18)
(25, 23)
(29, 25)
(29, 26)
(31, 29)
Page_1: 
(3, 0)
(3, 1)
(5, 3)
(8, 6)
(12, 9)
(15, 13)
(16, 13)
(18, 13)
(19, 13)
(21, 19)
(23, 21)
(24, 21)
(27, 24)
(27, 25)
(30, 28)
