c This is a uniform distributed  1-D DIMACS file 
c width height point_number
p 1000 1000 32
10 0
66 0
81 0
114 0
132 0
137 0
282 0
299 0
309 0
349 0
350 0
360 0
401 0
412 0
451 0
452 0
483 0
500 0
506 0
544 0
610 0
623 0
756 0
798 0
838 0
857 0
927 0
933 0
940 0
974 0
975 0
983 0
d 43/35
Page_0: 
(2, 0)
(5, 2)
(5, 3)
(8, 6)
(11, 9)
(12, 9)
(15, 12)
(15, 13)
(19, 17)
(22, 20)
(25, 22)
(25, 23)
(27, 25)
(31, 28)
(31, 29)
Page_1: 
(3, 1)
(6, 3)
(7, 3)
(11, 7)
(10, 8)
(13, 11)
(16, 14)
(18, 16)
(21, 19)
(24, 21)
(24, 22)
(26, 24)
(28, 26)
(29, 26)
(30, 26)
