c This is a uniform distributed  1-D DIMACS file 
c width height point_number
p 1000 1000 32
2 0
8 0
11 0
72 0
78 0
113 0
198 0
251 0
289 0
332 0
346 0
356 0
363 0
414 0
424 0
433 0
434 0
482 0
547 0
575 0
603 0
614 0
621 0
625 0
839 0
855 0
866 0
901 0
910 0
917 0
976 0
985 0
d 217/176
Page_0: 
(2, 0)
(3, 0)
(5, 3)
(6, 3)
(8, 6)
(11, 8)
(11, 9)
(13, 11)
(16, 13)
(16, 14)
(18, 16)
(21, 18)
(21, 19)
(27, 22)
(27, 23)
(27, 25)
(30, 28)
Page_1: 
(5, 0)
(4, 1)
(4, 2)
(7, 5)
(9, 7)
(12, 9)
(12, 10)
(15, 12)
(17, 15)
(19, 17)
(24, 19)
(23, 20)
(23, 21)
(26, 24)
(29, 26)
(29, 27)
(31, 29)
