c This is a uniform distributed  1-D DIMACS file 
c width height point_number
p 1000 1000 32
7 0
29 0
58 0
164 0
305 0
362 0
418 0
427 0
437 0
462 0
486 0
501 0
529 0
550 0
573 0
635 0
677 0
710 0
735 0
737 0
794 0
853 0
863 0
879 0
885 0
907 0
918 0
924 0
934 0
936 0
970 0
999 0
d 64/49
Page_0: 
(4, 2)
(7, 2)
(7, 4)
(7, 5)
(11, 7)
(11, 8)
(11, 9)
(14, 12)
(16, 14)
(19, 16)
(19, 17)
(23, 20)
(25, 23)
(27, 25)
(29, 27)
(30, 27)
Page_1: 
(2, 0)
(3, 0)
(5, 3)
(8, 6)
(9, 6)
(12, 10)
(13, 10)
(15, 13)
(17, 15)
(21, 17)
(20, 18)
(24, 21)
(24, 22)
(26, 24)
(29, 26)
(31, 26)
