c This is a uniform distributed  1-D DIMACS file 
c width height point_number
p 1000 1000 32
10 0
55 0
89 0
107 0
122 0
168 0
185 0
204 0
226 0
259 0
260 0
279 0
337 0
353 0
397 0
405 0
440 0
537 0
552 0
562 0
566 0
603 0
620 0
688 0
757 0
761 0
807 0
844 0
921 0
934 0
970 0
996 0
d 82/63
Page_0: 
(4, 2)
(5, 2)
(8, 5)
(8, 6)
(11, 9)
(12, 9)
(15, 12)
(15, 13)
(18, 16)
(20, 18)
(21, 18)
(23, 21)
(26, 24)
(27, 24)
(30, 28)
(31, 28)
Page_1: 
(3, 0)
(3, 1)
(7, 3)
(7, 4)
(7, 5)
(10, 7)
(10, 8)
(13, 11)
(16, 14)
(20, 17)
(22, 20)
(25, 22)
(25, 23)
(29, 26)
(29, 27)
