c This is a uniform distributed  1-D DIMACS file 
c width height point_number
p 1000 1000 32
26 0
38 0
91 0
107 0
114 0
162 0
231 0
253 0
260 0
269 0
303 0
306 0
329 0
351 0
423 0
484 0
542 0
545 0
565 0
629 0
641 0
757 0
769 0
792 0
804 0
911 0
918 0
922 0
932 0
959 0
963 0
981 0
d 151/128
Page_0: 
(2, 0)
(3, 0)
(5, 3)
(8, 5)
(8, 6)
(10, 8)
(12, 10)
(13, 10)
(15, 13)
(17, 15)
(21, 19)
(24, 21)
(25, 21)
(24, 22)
(28, 25)
(28, 26)
(30, 28)
Page_1: 
(4, 2)
(6, 4)
(9, 6)
(9, 7)
(11, 9)
(14, 12)
(16, 14)
(18, 16)
(20, 18)
(23, 20)
(23, 21)
(25, 23)
(27, 25)
(29, 27)
(31, 29)
