c This is a uniform distributed  1-D DIMACS file 
c width height point_number
p 1000 1000 32
17 0
35 0
52 0
70 0
109 0
112 0
120 0
124 0
148 0
174 0
176 0
267 0
305 0
425 0
442 0
472 0
485 0
511 0
531 0
547 0
578 0
592 0
612 0
774 0
779 0
803 0
811 0
815 0
830 0
916 0
931 0
951 0
d 61/47
Page_0: 
(3, 0)
(3, 1)
(6, 3)
(6, 4)
(8, 6)
(9, 6)
(13, 6)
(11, 9)
(12, 9)
(16, 13)
(16, 14)
(18, 16)
(21, 18)
(21, 19)
(26, 21)
(26, 22)
(26, 23)
(26, 24)
(28, 26)
(30, 28)
Page_1: 
(2, 0)
(4, 0)
(4, 2)
(7, 4)
(10, 8)
(14, 11)
(14, 12)
(17, 15)
(19, 17)
(23, 19)
(22, 20)
(27, 25)
(31, 29)
