c This is a uniform distributed  1-D DIMACS file 
c width height point_number
p 1000 1000 32
4 0
51 0
138 0
164 0
176 0
189 0
212 0
238 0
244 0
308 0
371 0
376 0
408 0
463 0
466 0
471 0
474 0
512 0
517 0
523 0
733 0
784 0
819 0
874 0
877 0
879 0
885 0
902 0
935 0
939 0
961 0
989 0
d 62/49
Page_0: 
(2, 0)
(5, 3)
(6, 3)
(8, 6)
(9, 6)
(12, 10)
(13, 10)
(16, 13)
(16, 14)
(19, 17)
(21, 17)
(26, 21)
(24, 22)
(26, 24)
(28, 26)
(30, 28)
(31, 28)
Page_1: 
(4, 1)
(4, 2)
(6, 4)
(7, 4)
(9, 7)
(11, 9)
(15, 12)
(15, 13)
(18, 16)
(20, 18)
(22, 20)
(25, 23)
(27, 23)
(29, 27)
