c This is a uniform distributed  1-D DIMACS file 
c width height point_number
p 1000 1000 32
21 0
36 0
56 0
60 0
69 0
169 0
177 0
186 0
193 0
198 0
216 0
222 0
245 0
255 0
364 0
386 0
425 0
450 0
506 0
592 0
642 0
643 0
653 0
714 0
723 0
745 0
804 0
808 0
920 0
949 0
969 0
999 0
d 30/23
Page_0: 
(3, 0)
(3, 1)
(9, 3)
(9, 4)
(8, 6)
(9, 6)
(11, 9)
(16, 12)
(16, 13)
(16, 14)
(18, 16)
(19, 16)
(22, 20)
(23, 20)
(25, 23)
(26, 23)
(28, 26)
(29, 26)
(31, 29)
Page_1: 
(4, 1)
(5, 1)
(4, 2)
(7, 5)
(9, 7)
(10, 7)
(12, 10)
(13, 10)
(14, 10)
(17, 14)
(17, 15)
(21, 18)
(21, 19)
(24, 22)
(27, 25)
(30, 25)
(30, 28)
