c This is a uniform distributed  1-D DIMACS file 
c width height point_number
p 1000 1000 32
49 0
62 0
86 0
103 0
116 0
134 0
137 0
144 0
270 0
271 0
316 0
341 0
350 0
355 0
361 0
362 0
441 0
452 0
459 0
531 0
564 0
621 0
668 0
704 0
778 0
829 0
852 0
878 0
906 0
946 0
965 0
987 0
d 103/77
Page_0: 
(4, 0)
(4, 1)
(4, 2)
(7, 4)
(8, 4)
(9, 4)
(7, 5)
(13, 9)
(13, 10)
(13, 11)
(15, 13)
(18, 13)
(18, 15)
(18, 16)
(20, 18)
(22, 20)
(24, 22)
(25, 22)
(27, 25)
(30, 27)
(30, 28)
Page_1: 
(2, 0)
(6, 2)
(10, 2)
(5, 3)
(10, 8)
(17, 11)
(15, 12)
(19, 17)
(21, 19)
(23, 21)
(26, 24)
(28, 26)
(31, 29)
