c This is a uniform distributed  1-D DIMACS file 
c width height point_number
p 1000 1000 32
13 0
42 0
65 0
85 0
106 0
124 0
142 0
146 0
225 0
228 0
389 0
394 0
405 0
433 0
444 0
469 0
549 0
583 0
588 0
634 0
655 0
685 0
729 0
782 0
799 0
858 0
917 0
927 0
928 0
956 0
967 0
974 0
d 77/59
Page_0: 
(2, 0)
(4, 2)
(6, 4)
(7, 4)
(9, 7)
(14, 7)
(14, 9)
(14, 10)
(14, 11)
(16, 14)
(18, 16)
(21, 19)
(22, 19)
(25, 23)
(27, 25)
(29, 27)
(31, 29)
Page_1: 
(3, 1)
(5, 3)
(7, 5)
(10, 8)
(12, 10)
(13, 10)
(15, 13)
(19, 17)
(20, 17)
(24, 21)
(24, 22)
(26, 24)
(28, 24)
(28, 26)
(30, 28)
