c This is a uniform distributed  1-D DIMACS file 
c width height point_number
p 1000 1000 32
10 0
14 0
18 0
24 0
55 0
63 0
112 0
121 0
213 0
245 0
248 0
273 0
280 0
282 0
309 0
313 0
321 0
326 0
359 0
371 0
519 0
543 0
595 0
618 0
644 0
709 0
738 0
770 0
784 0
899 0
904 0
983 0
d 125/99
Page_0: 
(3, 1)
(4, 1)
(7, 4)
(9, 7)
(11, 9)
(13, 11)
(16, 14)
(17, 14)
(19, 17)
(20, 17)
(21, 17)
(23, 21)
(26, 24)
(30, 27)
Page_1: 
(2, 0)
(3, 0)
(6, 0)
(5, 3)
(8, 6)
(10, 8)
(15, 12)
(17, 15)
(18, 15)
(22, 15)
(22, 20)
(24, 22)
(25, 22)
(28, 25)
(28, 26)
(31, 29)
