c This is a uniform distributed  1-D DIMACS file 
c width height point_number
p 1000 1000 32
21 0
28 0
52 0
80 0
123 0
160 0
211 0
254 0
263 0
269 0
289 0
296 0
308 0
347 0
487 0
515 0
545 0
632 0
662 0
688 0
700 0
715 0
718 0
723 0
829 0
843 0
844 0
859 0
910 0
913 0
974 0
990 0
d 11/9
Page_0: 
(3, 0)
(3, 1)
(5, 3)
(9, 5)
(9, 6)
(9, 7)
(12, 10)
(13, 10)
(14, 10)
(16, 14)
(19, 16)
(19, 17)
(21, 19)
(23, 21)
(26, 23)
(26, 24)
(29, 27)
Page_1: 
(2, 0)
(4, 0)
(4, 2)
(6, 4)
(7, 4)
(10, 8)
(11, 8)
(15, 8)
(15, 13)
(17, 15)
(20, 18)
(22, 20)
(25, 20)
(24, 22)
(27, 25)
(30, 28)
(31, 28)
