c This is a uniform distributed  1-D DIMACS file 
c width height point_number
p 1000 1000 32
36 0
91 0
106 0
109 0
128 0
143 0
180 0
189 0
196 0
200 0
261 0
285 0
286 0
297 0
389 0
414 0
420 0
473 0
504 0
505 0
517 0
638 0
661 0
692 0
718 0
838 0
851 0
853 0
884 0
913 0
939 0
950 0
d 177/146
Page_0: 
(2, 0)
(4, 2)
(5, 2)
(8, 5)
(8, 6)
(10, 8)
(12, 10)
(16, 14)
(18, 16)
(20, 18)
(23, 21)
(24, 21)
(26, 24)
(28, 26)
(31, 28)
Page_1: 
(3, 1)
(4, 1)
(6, 4)
(9, 6)
(9, 7)
(13, 11)
(14, 11)
(17, 15)
(19, 17)
(21, 19)
(22, 19)
(24, 22)
(25, 22)
(27, 25)
(29, 27)
(31, 29)
