c This is a uniform distributed  1-D DIMACS file 
c width height point_number
p 1000 1000 32
58 0
67 0
68 0
178 0
185 0
204 0
206 0
208 0
290 0
302 0
321 0
364 0
379 0
385 0
429 0
433 0
504 0
581 0
596 0
603 0
615 0
631 0
661 0
664 0
742 0
819 0
822 0
842 0
864 0
899 0
986 0
991 0
d 5/4
Page_0: 
(6, 1)
(6, 2)
(6, 3)
(6, 4)
(9, 6)
(9, 7)
(12, 9)
(12, 10)
(15, 12)
(19, 15)
(19, 16)
(19, 17)
(23, 20)
(23, 21)
(25, 23)
(27, 25)
(28, 25)
(31, 28)
(31, 29)
Page_1: 
(2, 0)
(3, 0)
(7, 5)
(10, 8)
(13, 11)
(16, 14)
(20, 18)
(21, 18)
(24, 22)
(26, 24)
(29, 27)
