c This is a uniform distributed  1-D DIMACS file 
c width height point_number
p 1000 1000 32
84 0
92 0
125 0
162 0
199 0
206 0
224 0
244 0
251 0
258 0
288 0
294 0
407 0
440 0
611 0
618 0
634 0
646 0
650 0
655 0
663 0
677 0
686 0
711 0
799 0
813 0
833 0
903 0
927 0
937 0
987 0
997 0
d 27/22
Page_0: 
(3, 0)
(5, 3)
(8, 6)
(10, 8)
(12, 10)
(18, 12)
(18, 13)
(18, 15)
(18, 16)
(20, 18)
(21, 18)
(23, 21)
(24, 21)
(25, 21)
(27, 25)
(29, 27)
Page_1: 
(2, 0)
(4, 2)
(6, 4)
(7, 4)
(9, 7)
(11, 9)
(13, 11)
(20, 11)
(16, 14)
(19, 17)
(20, 17)
(22, 20)
(26, 23)
(26, 24)
(28, 26)
(31, 28)
(31, 29)
