c This is a uniform distributed  1-D DIMACS file 
c width height point_number
p 1000 1000 32
45 0
48 0
66 0
73 0
99 0
100 0
118 0
122 0
162 0
169 0
189 0
206 0
225 0
235 0
237 0
297 0
311 0
395 0
400 0
421 0
452 0
491 0
556 0
583 0
675 0
728 0
731 0
755 0
766 0
914 0
929 0
964 0
d 162/131
Page_0: 
(2, 0)
(3, 0)
(7, 4)
(10, 8)
(11, 8)
(14, 11)
(14, 12)
(16, 14)
(19, 14)
(19, 16)
(19, 17)
(21, 19)
(23, 21)
(26, 24)
(29, 27)
(31, 29)
Page_1: 
(5, 2)
(5, 3)
(9, 6)
(12, 10)
(15, 12)
(17, 15)
(20, 17)
(22, 20)
(24, 22)
(25, 22)
(27, 25)
(28, 25)
(31, 28)
