c This is a uniform distributed  1-D DIMACS file 
c width height point_number
p 1000 1000 32
8 0
9 0
56 0
74 0
92 0
166 0
208 0
220 0
269 0
271 0
307 0
327 0
330 0
437 0
441 0
444 0
501 0
532 0
617 0
627 0
671 0
672 0
694 0
699 0
706 0
715 0
737 0
818 0
840 0
843 0
861 0
980 0
d 38/31
Page_0: 
(2, 0)
(4, 2)
(5, 2)
(9, 6)
(9, 7)
(12, 10)
(15, 13)
(17, 15)
(21, 18)
(24, 22)
(25, 22)
(27, 25)
(28, 25)
(30, 28)
Page_1: 
(3, 0)
(7, 4)
(7, 5)
(10, 8)
(11, 8)
(14, 12)
(16, 14)
(19, 16)
(19, 17)
(22, 20)
(23, 20)
(25, 23)
(26, 23)
(29, 27)
(31, 29)
