c This is a uniform distributed  1-D DIMACS file 
c width height point_number
p 1000 1000 32
29 0
117 0
146 0
149 0
157 0
179 0
211 0
343 0
478 0
495 0
502 0
507 0
510 0
531 0
578 0
619 0
623 0
643 0
658 0
661 0
683 0
687 0
783 0
798 0
805 0
809 0
862 0
870 0
875 0
882 0
914 0
985 0
d 29/24
Page_0: 
(3, 0)
(3, 1)
(6, 3)
(6, 4)
(12, 6)
(9, 7)
(11, 9)
(12, 9)
(16, 12)
(16, 13)
(16, 14)
(19, 17)
(22, 17)
(22, 20)
(26, 23)
(27, 23)
(29, 27)
(30, 27)
Page_1: 
(8, 1)
(4, 2)
(5, 2)
(7, 5)
(10, 8)
(12, 10)
(13, 10)
(14, 10)
(17, 15)
(21, 18)
(25, 22)
(25, 23)
(28, 26)
(29, 26)
(31, 29)
