c This is a uniform distributed  1-D DIMACS file 
c width height point_number
p 1000 1000 32
38 0
55 0
220 0
296 0
348 0
351 0
369 0
436 0
462 0
478 0
542 0
544 0
548 0
607 0
616 0
653 0
667 0
674 0
687 0
715 0
760 0
824 0
830 0
841 0
866 0
894 0
921 0
958 0
968 0
969 0
990 0
998 0
d 109/93
Page_0: 
(4, 2)
(6, 4)
(7, 4)
(12, 8)
(12, 9)
(12, 10)
(14, 12)
(16, 14)
(18, 16)
(19, 16)
(23, 19)
(23, 20)
(23, 21)
(25, 23)
(27, 25)
(30, 28)
(31, 28)
Page_1: 
(2, 0)
(3, 0)
(5, 3)
(9, 6)
(9, 7)
(13, 11)
(15, 13)
(17, 15)
(18, 15)
(20, 18)
(24, 21)
(24, 22)
(26, 24)
(29, 26)
(29, 27)
