c This is a uniform distributed  1-D DIMACS file 
c width height point_number
p 1000 1000 32
7 0
69 0
76 0
168 0
176 0
186 0
197 0
212 0
251 0
346 0
349 0
367 0
392 0
399 0
433 0
445 0
503 0
513 0
536 0
538 0
555 0
580 0
585 0
616 0
731 0
788 0
824 0
896 0
905 0
920 0
941 0
999 0
d 11/9
Page_0: 
(3, 1)
(6, 3)
(6, 4)
(10, 6)
(10, 7)
(10, 8)
(12, 10)
(14, 12)
(15, 12)
(19, 16)
(19, 17)
(21, 19)
(23, 21)
(26, 24)
(28, 26)
(30, 28)
(31, 28)
Page_1: 
(2, 0)
(5, 3)
(7, 5)
(8, 5)
(11, 9)
(13, 11)
(17, 14)
(20, 18)
(22, 20)
(24, 22)
(25, 22)
(27, 25)
(29, 27)
(30, 27)
