c This is a uniform distributed  1-D DIMACS file 
c width height point_number
p 1000 1000 32
122 0
137 0
139 0
179 0
184 0
193 0
209 0
226 0
271 0
315 0
324 0
339 0
358 0
423 0
504 0
509 0
516 0
606 0
620 0
663 0
700 0
720 0
729 0
746 0
785 0
788 0
809 0
895 0
947 0
953 0
985 0
993 0
d 6/5
Page_0: 
(4, 1)
(4, 2)
(7, 5)
(9, 7)
(11, 9)
(12, 9)
(14, 12)
(16, 14)
(18, 16)
(22, 18)
(22, 19)
(22, 20)
(25, 22)
(25, 23)
(27, 25)
(30, 28)
(31, 28)
Page_1: 
(2, 0)
(5, 3)
(6, 3)
(8, 6)
(10, 8)
(12, 10)
(13, 10)
(16, 13)
(19, 17)
(20, 17)
(23, 21)
(26, 24)
(29, 27)
