c This is a uniform distributed  1-D DIMACS file 
c width height point_number
p 1000 1000 32
86 0
119 0
123 0
192 0
207 0
249 0
262 0
277 0
325 0
374 0
418 0
454 0
489 0
491 0
531 0
532 0
542 0
548 0
602 0
609 0
615 0
652 0
670 0
759 0
790 0
798 0
831 0
874 0
917 0
948 0
982 0
998 0
d 156/97
Page_0: 
(3, 1)
(6, 4)
(8, 6)
(10, 8)
(12, 10)
(14, 12)
(16, 14)
(19, 17)
(21, 19)
(23, 21)
(26, 24)
(28, 26)
(30, 28)
Page_1: 
(2, 0)
(5, 3)
(7, 5)
(9, 7)
(11, 9)
(13, 11)
(15, 13)
(17, 15)
(20, 18)
(22, 20)
(25, 23)
(27, 25)
(29, 27)
(31, 29)
