c This is a uniform distributed  1-D DIMACS file 
c width height point_number
p 1000 1000 32
20 0
23 0
47 0
63 0
245 0
252 0
345 0
364 0
388 0
435 0
438 0
452 0
489 0
555 0
576 0
603 0
635 0
653 0
665 0
676 0
728 0
754 0
777 0
786 0
795 0
845 0
854 0
857 0
912 0
985 0
989 0
992 0
d 49/40
Page_0: 
(3, 0)
(6, 0)
(3, 1)
(6, 4)
(8, 6)
(10, 8)
(13, 11)
(15, 13)
(17, 15)
(19, 17)
(20, 17)
(23, 20)
(23, 21)
(25, 23)
(28, 25)
(30, 28)
Page_1: 
(2, 0)
(5, 2)
(7, 5)
(9, 7)
(11, 9)
(12, 9)
(14, 12)
(16, 14)
(18, 16)
(19, 16)
(21, 19)
(24, 22)
(27, 25)
(31, 29)
