c This is a uniform distributed  1-D DIMACS file 
c width height point_number
p 1000 1000 32
20 0
27 0
35 0
61 0
137 0
200 0
225 0
238 0
249 0
256 0
309 0
369 0
427 0
428 0
446 0
449 0
466 0
469 0
513 0
538 0
628 0
689 0
735 0
741 0
785 0
807 0
839 0
850 0
896 0
952 0
961 0
967 0
d 65/54
Page_0: 
(3, 1)
(5, 3)
(7, 5)
(9, 7)
(10, 7)
(13, 10)
(13, 11)
(17, 14)
(20, 18)
(21, 18)
(24, 22)
(25, 22)
(28, 26)
(30, 28)
(31, 28)
Page_1: 
(2, 0)
(4, 0)
(6, 4)
(8, 6)
(9, 6)
(12, 6)
(11, 9)
(15, 12)
(18, 16)
(19, 16)
(23, 20)
(23, 21)
(27, 24)
(27, 25)
(31, 29)
