c This is a uniform distributed  1-D DIMACS file 
c width height point_number
p 1000 1000 32
58 0
65 0
78 0
110 0
125 0
207 0
239 0
303 0
305 0
309 0
313 0
325 0
329 0
381 0
453 0
470 0
494 0
502 0
511 0
577 0
674 0
709 0
715 0
734 0
754 0
763 0
858 0
890 0
920 0
928 0
939 0
994 0
d 6/5
Page_0: 
(4, 2)
(9, 4)
(9, 5)
(9, 6)
(9, 7)
(11, 9)
(13, 11)
(16, 14)
(18, 16)
(20, 16)
(23, 21)
(24, 21)
(26, 24)
(27, 24)
(29, 27)
(31, 29)
Page_1: 
(2, 0)
(3, 0)
(5, 3)
(6, 3)
(10, 7)
(10, 8)
(12, 10)
(15, 13)
(17, 15)
(19, 17)
(23, 19)
(22, 20)
(25, 23)
(26, 23)
(28, 26)
(30, 28)
