c This is a uniform distributed  1-D DIMACS file 
c width height point_number
p 1000 1000 32
6 0
27 0
41 0
51 0
80 0
90 0
99 0
105 0
130 0
317 0
338 0
407 0
422 0
457 0
506 0
510 0
611 0
633 0
642 0
652 0
655 0
689 0
697 0
711 0
722 0
727 0
827 0
837 0
888 0
951 0
976 0
985 0
d 16/13
Page_0: 
(3, 0)
(3, 1)
(6, 3)
(6, 4)
(8, 6)
(10, 6)
(11, 6)
(10, 8)
(13, 11)
(14, 11)
(16, 14)
(20, 16)
(20, 17)
(20, 18)
(22, 20)
(25, 22)
(28, 26)
(31, 28)
(31, 29)
Page_1: 
(2, 0)
(4, 2)
(7, 4)
(8, 4)
(7, 5)
(12, 9)
(12, 10)
(15, 13)
(18, 16)
(21, 19)
(23, 21)
(25, 23)
(26, 23)
(27, 23)
(30, 27)
(30, 28)
