c This is a uniform distributed  1-D DIMACS file 
c width height point_number
p 1000 1000 32
3 0
10 0
66 0
72 0
181 0
202 0
214 0
330 0
341 0
387 0
388 0
448 0
475 0
490 0
515 0
555 0
604 0
631 0
662 0
709 0
720 0
759 0
775 0
792 0
807 0
842 0
860 0
874 0
915 0
918 0
986 0
987 0
d 72/55
Page_0: 
(4, 1)
(4, 2)
(6, 4)
(7, 4)
(8, 4)
(9, 4)
(11, 9)
(13, 11)
(17, 13)
(17, 14)
(17, 15)
(19, 17)
(21, 19)
(24, 21)
(24, 22)
(27, 24)
(27, 25)
(31, 28)
Page_1: 
(3, 0)
(5, 3)
(10, 7)
(12, 10)
(14, 12)
(15, 12)
(18, 16)
(20, 18)
(23, 20)
(23, 21)
(25, 23)
(29, 26)
(29, 27)
