c This is a uniform distributed  1-D DIMACS file 
c width height point_number
p 1000 1000 32
16 0
18 0
25 0
111 0
164 0
182 0
197 0
216 0
265 0
269 0
310 0
378 0
381 0
399 0
415 0
457 0
487 0
545 0
570 0
578 0
581 0
608 0
633 0
644 0
726 0
815 0
887 0
893 0
909 0
931 0
958 0
972 0
d 11/9
Page_0: 
(4, 0)
(3, 1)
(6, 4)
(7, 4)
(9, 7)
(12, 9)
(12, 10)
(15, 13)
(16, 13)
(18, 16)
(22, 18)
(21, 19)
(24, 22)
(28, 24)
(28, 25)
(28, 26)
(30, 28)
(31, 28)
Page_1: 
(2, 0)
(5, 3)
(7, 5)
(8, 5)
(10, 8)
(13, 11)
(14, 11)
(17, 15)
(20, 17)
(20, 18)
(23, 21)
(25, 21)
(26, 21)
(29, 26)
(31, 29)
