c This is a uniform distributed  1-D DIMACS file 
c width height point_number
p 1000 1000 32
12 0
20 0
21 0
112 0
119 0
124 0
131 0
191 0
277 0
298 0
324 0
344 0
353 0
354 0
392 0
407 0
421 0
510 0
532 0
552 0
612 0
617 0
643 0
658 0
771 0
774 0
803 0
831 0
885 0
927 0
933 0
959 0
d 77/67
Page_0: 
(3, 0)
(3, 1)
(5, 3)
(7, 5)
(10, 7)
(10, 8)
(13, 10)
(13, 11)
(16, 14)
(19, 17)
(22, 20)
(23, 20)
(26, 24)
(27, 24)
(30, 27)
(30, 28)
Page_1: 
(2, 0)
(3, 0)
(6, 3)
(6, 4)
(9, 6)
(9, 7)
(11, 9)
(14, 12)
(15, 12)
(17, 15)
(18, 15)
(21, 18)
(21, 19)
(25, 22)
(28, 26)
(31, 29)
