c This is a uniform distributed  1-D DIMACS file 
c width height point_number
p 1000 1000 32
50 0
86 0
153 0
180 0
208 0
217 0
234 0
238 0
256 0
348 0
389 0
396 0
422 0
429 0
437 0
465 0
499 0
521 0
522 0
561 0
584 0
610 0
693 0
767 0
774 0
812 0
824 0
843 0
846 0
882 0
918 0
930 0
d 6/5
Page_0: 
(3, 0)
(3, 1)
(7, 4)
(7, 5)
(9, 7)
(12, 10)
(14, 12)
(18, 15)
(18, 16)
(21, 19)
(24, 21)
(24, 22)
(28, 25)
(28, 26)
(31, 28)
(31, 29)
Page_1: 
(2, 0)
(5, 2)
(5, 3)
(8, 6)
(11, 9)
(13, 11)
(15, 13)
(16, 13)
(19, 17)
(20, 17)
(22, 20)
(25, 23)
(26, 23)
(29, 27)
