c This is a uniform distributed  1-D DIMACS file 
c width height point_number
p 1000 1000 32
5 0
10 0
36 0
72 0
89 0
101 0
186 0
235 0
253 0
260 0
311 0
404 0
419 0
435 0
466 0
511 0
555 0
556 0
578 0
595 0
602 0
613 0
651 0
652 0
728 0
772 0
793 0
893 0
902 0
959 0
981 0
998 0
d 43/24
Page_0: 
(3, 1)
(5, 3)
(9, 7)
(13, 11)
(15, 13)
(17, 15)
(19, 17)
(21, 19)
(23, 21)
(27, 25)
(29, 27)
(31, 29)
Page_1: 
(2, 0)
(4, 2)
(6, 4)
(8, 6)
(10, 8)
(12, 10)
(14, 12)
(18, 16)
(20, 18)
(22, 20)
(24, 22)
(26, 24)
(28, 26)
(30, 28)
