c This is a uniform distributed  1-D DIMACS file 
c width height point_number
p 1000 1000 32
24 0
54 0
98 0
105 0
115 0
126 0
206 0
252 0
259 0
286 0
317 0
352 0
398 0
418 0
459 0
468 0
501 0
556 0
578 0
602 0
612 0
659 0
738 0
753 0
844 0
861 0
863 0
901 0
910 0
930 0
944 0
968 0
d 43/34
Page_0: 
(3, 1)
(5, 3)
(6, 3)
(8, 6)
(11, 9)
(15, 12)
(15, 13)
(17, 15)
(20, 17)
(20, 18)
(24, 22)
(28, 25)
(31, 29)
Page_1: 
(2, 0)
(4, 2)
(5, 2)
(9, 7)
(10, 7)
(13, 10)
(13, 11)
(16, 14)
(18, 16)
(21, 19)
(23, 21)
(26, 24)
(29, 27)
(30, 27)
