c This is a uniform distributed  1-D DIMACS file 
c width height point_number
p 1000 1000 32
90 0
132 0
161 0
263 0
319 0
320 0
363 0
375 0
418 0
504 0
550 0
552 0
564 0
565 0
596 0
606 0
609 0
626 0
668 0
669 0
686 0
698 0
709 0
734 0
778 0
808 0
827 0
910 0
921 0
972 0
976 0
999 0
d 93/74
Page_0: 
(2, 0)
(5, 3)
(6, 3)
(8, 6)
(9, 6)
(13, 10)
(17, 15)
(19, 17)
(22, 20)
(24, 22)
(28, 25)
(31, 29)
Page_1: 
(3, 1)
(6, 4)
(7, 4)
(12, 8)
(11, 9)
(14, 12)
(16, 14)
(20, 18)
(21, 18)
(23, 21)
(26, 23)
(26, 24)
(30, 27)
