c This is a uniform distributed  1-D DIMACS file 
c width height point_number
p 1000 1000 32
71 0
72 0
96 0
107 0
110 0
133 0
134 0
135 0
155 0
164 0
219 0
230 0
251 0
259 0
279 0
290 0
342 0
368 0
405 0
453 0
481 0
562 0
604 0
689 0
750 0
800 0
812 0
861 0
908 0
938 0
975 0
991 0
d 94/73
Page_0: 
(2, 0)
(4, 2)
(8, 5)
(10, 8)
(11, 8)
(14, 12)
(15, 12)
(18, 16)
(20, 18)
(23, 21)
(24, 21)
(27, 25)
(29, 27)
(31, 29)
Page_1: 
(5, 3)
(7, 5)
(10, 5)
(9, 7)
(13, 10)
(13, 11)
(16, 14)
(17, 14)
(19, 17)
(21, 19)
(22, 19)
(26, 23)
(26, 24)
(28, 26)
(31, 28)
