c This is a uniform distributed  1-D DIMACS file 
c width height point_number
p 1000 1000 32
12 0
34 0
52 0
56 0
108 0
141 0
156 0
169 0
177 0
198 0
224 0
297 0
337 0
338 0
364 0
368 0
384 0
418 0
513 0
526 0
531 0
543 0
553 0
738 0
751 0
753 0
763 0
777 0
778 0
787 0
935 0
942 0
d 61/48
Page_0: 
(3, 0)
(3, 1)
(7, 3)
(7, 4)
(7, 5)
(9, 7)
(10, 7)
(11, 7)
(13, 11)
(14, 11)
(16, 14)
(17, 14)
(19, 14)
(19, 17)
(21, 19)
(22, 19)
(24, 19)
(24, 22)
(26, 24)
(28, 26)
(31, 29)
Page_1: 
(4, 1)
(5, 1)
(4, 2)
(8, 5)
(8, 6)
(11, 9)
(12, 9)
(15, 12)
(18, 15)
(20, 18)
(22, 18)
(23, 18)
(25, 18)
(25, 23)
(30, 26)
(29, 27)
