c This is a uniform distributed  1-D DIMACS file 
c width height point_number
p 1000 1000 32
15 0
58 0
85 0
97 0
110 0
121 0
152 0
174 0
228 0
258 0
312 0
331 0
340 0
350 0
360 0
420 0
474 0
502 0
572 0
580 0
613 0
708 0
712 0
726 0
752 0
754 0
758 0
789 0
900 0
919 0
933 0
999 0
d 55/42
Page_0: 
(3, 1)
(5, 3)
(6, 3)
(8, 6)
(10, 8)
(12, 10)
(14, 12)
(15, 12)
(17, 15)
(20, 18)
(23, 21)
(28, 23)
(26, 24)
(27, 24)
(30, 28)
Page_1: 
(2, 0)
(4, 2)
(5, 2)
(7, 5)
(9, 7)
(11, 9)
(13, 11)
(14, 11)
(16, 11)
(19, 16)
(19, 17)
(22, 20)
(29, 22)
(25, 23)
(29, 27)
(31, 29)
