c This is a uniform distributed  1-D DIMACS file 
c width height point_number
p 1000 1000 32
11 0
118 0
168 0
173 0
207 0
236 0
258 0
294 0
374 0
375 0
400 0
421 0
432 0
442 0
567 0
597 0
608 0
639 0
665 0
700 0
712 0
728 0
737 0
741 0
780 0
788 0
804 0
828 0
850 0
928 0
929 0
981 0
d 98/81
Page_0: 
(3, 1)
(4, 1)
(6, 4)
(7, 4)
(10, 8)
(11, 8)
(13, 11)
(14, 11)
(17, 15)
(18, 15)
(19, 15)
(21, 19)
(23, 21)
(24, 21)
(26, 24)
(27, 24)
(30, 27)
(30, 28)
Page_1: 
(2, 0)
(4, 2)
(5, 2)
(7, 5)
(9, 7)
(12, 10)
(13, 10)
(16, 14)
(20, 17)
(20, 18)
(23, 20)
(25, 23)
(28, 26)
(31, 29)
