c This is a uniform distributed  1-D DIMACS file 
c width height point_number
p 1000 1000 32
10 0
71 0
73 0
88 0
116 0
175 0
193 0
278 0
315 0
360 0
397 0
473 0
487 0
538 0
552 0
560 0
600 0
601 0
630 0
678 0
685 0
706 0
708 0
724 0
755 0
764 0
778 0
805 0
836 0
846 0
850 0
917 0
d 124/77
Page_0: 
(3, 1)
(5, 3)
(7, 5)
(9, 7)
(12, 10)
(15, 13)
(17, 15)
(19, 17)
(21, 19)
(23, 21)
(25, 23)
(27, 25)
(30, 28)
Page_1: 
(2, 0)
(4, 2)
(6, 4)
(8, 6)
(10, 8)
(13, 11)
(18, 16)
(20, 18)
(22, 20)
(24, 22)
(26, 24)
(29, 27)
(31, 29)
