c This is a uniform distributed  1-D DIMACS file 
c width height point_number
p 1000 1000 32
48 0
52 0
76 0
103 0
125 0
169 0
196 0
264 0
288 0
300 0
360 0
361 0
405 0
434 0
467 0
494 0
528 0
535 0
551 0
585 0
588 0
608 0
629 0
675 0
680 0
726 0
731 0
773 0
806 0
832 0
876 0
939 0
d 7/4
Page_0: 
(3, 1)
(5, 3)
(9, 7)
(11, 9)
(14, 12)
(16, 14)
(18, 16)
(20, 18)
(22, 20)
(25, 23)
(27, 25)
(29, 27)
(31, 29)
Page_1: 
(2, 0)
(4, 2)
(6, 4)
(8, 6)
(12, 10)
(15, 13)
(17, 15)
(19, 17)
(21, 19)
(24, 22)
(26, 24)
(28, 26)
(30, 28)
