c This is a uniform distributed  1-D DIMACS file 
c width height point_number
p 1000 1000 32
2 0
64 0
75 0
105 0
112 0
117 0
149 0
158 0
172 0
190 0
195 0
208 0
222 0
224 0
270 0
344 0
413 0
466 0
586 0
592 0
595 0
619 0
664 0
685 0
728 0
729 0
733 0
763 0
782 0
836 0
844 0
947 0
d 121/98
Page_0: 
(4, 1)
(4, 2)
(7, 5)
(10, 7)
(10, 8)
(12, 10)
(14, 12)
(16, 14)
(21, 16)
(21, 19)
(23, 21)
(26, 24)
(28, 26)
(31, 29)
Page_1: 
(2, 0)
(5, 3)
(6, 3)
(8, 6)
(11, 9)
(13, 11)
(15, 13)
(17, 15)
(20, 17)
(20, 18)
(22, 20)
(25, 22)
(25, 23)
(27, 25)
(30, 27)
(30, 28)
