c This is a uniform distributed  1-D DIMACS file 
c width height point_number
p 1000 1000 32
65 0
98 0
118 0
121 0
135 0
139 0
148 0
185 0
197 0
297 0
328 0
359 0
393 0
394 0
409 0
447 0
486 0
539 0
576 0
683 0
726 0
749 0
752 0
770 0
775 0
795 0
815 0
873 0
923 0
972 0
976 0
990 0
d 167/129
Page_0: 
(2, 0)
(4, 2)
(5, 2)
(7, 5)
(9, 5)
(9, 7)
(13, 10)
(13, 11)
(16, 14)
(18, 16)
(22, 18)
(22, 19)
(22, 20)
(25, 23)
(26, 23)
(31, 26)
(31, 27)
(31, 28)
(31, 29)
Page_1: 
(3, 1)
(6, 4)
(8, 4)
(11, 8)
(11, 9)
(14, 12)
(15, 12)
(17, 15)
(19, 17)
(24, 21)
(27, 25)
(28, 25)
