c This is a uniform distributed  1-D DIMACS file 
c width height point_number
p 1000 1000 32
83 0
102 0
133 0
136 0
192 0
242 0
247 0
253 0
279 0
287 0
300 0
321 0
351 0
382 0
418 0
443 0
471 0
482 0
535 0
565 0
569 0
572 0
583 0
599 0
729 0
795 0
878 0
905 0
916 0
958 0
984 0
999 0
d 61/46
Page_0: 
(4, 2)
(6, 4)
(8, 6)
(9, 6)
(11, 9)
(12, 9)
(14, 12)
(17, 14)
(17, 15)
(20, 18)
(24, 22)
(27, 24)
(27, 25)
(29, 27)
(30, 27)
Page_1: 
(3, 0)
(3, 1)
(5, 3)
(7, 5)
(10, 8)
(13, 11)
(15, 13)
(18, 16)
(26, 18)
(21, 19)
(22, 19)
(23, 19)
(25, 19)
(28, 26)
(31, 29)
