c This is a uniform distributed  1-D DIMACS file 
c width height point_number
p 1000 1000 32
18 0
25 0
59 0
82 0
94 0
98 0
107 0
116 0
123 0
129 0
130 0
182 0
257 0
268 0
287 0
335 0
340 0
357 0
393 0
415 0
422 0
525 0
531 0
534 0
586 0
594 0
654 0
706 0
758 0
906 0
907 0
942 0
d 11/9
Page_0: 
(2, 0)
(5, 2)
(5, 3)
(8, 6)
(11, 9)
(14, 11)
(14, 12)
(17, 15)
(18, 15)
(20, 18)
(21, 18)
(23, 21)
(25, 23)
(28, 26)
(31, 29)
Page_1: 
(4, 0)
(3, 1)
(6, 4)
(7, 4)
(10, 7)
(12, 7)
(13, 7)
(10, 8)
(16, 13)
(16, 14)
(20, 17)
(22, 20)
(24, 22)
(26, 24)
(27, 24)
(31, 27)
(30, 28)
