c This is a uniform distributed  1-D DIMACS file 
c width height point_number
p 1000 1000 32
27 0
41 0
43 0
113 0
136 0
172 0
181 0
206 0
212 0
246 0
272 0
274 0
283 0
315 0
322 0
336 0
385 0
386 0
392 0
457 0
503 0
510 0
611 0
627 0
643 0
661 0
674 0
733 0
749 0
838 0
979 0
996 0
d 63/50
Page_0: 
(4, 0)
(4, 2)
(8, 5)
(8, 6)
(11, 8)
(11, 9)
(13, 11)
(14, 11)
(17, 14)
(17, 15)
(19, 17)
(22, 20)
(25, 23)
(26, 23)
(28, 26)
(30, 28)
(31, 28)
Page_1: 
(2, 0)
(3, 0)
(6, 3)
(6, 4)
(9, 7)
(12, 10)
(15, 13)
(18, 16)
(21, 19)
(24, 21)
(24, 22)
(26, 24)
(27, 24)
(29, 27)
(31, 29)
