c This is a uniform distributed  1-D DIMACS file 
c width height point_number
p 1000 1000 32
19 0
43 0
46 0
59 0
108 0
123 0
129 0
156 0
163 0
286 0
303 0
336 0
382 0
413 0
419 0
445 0
481 0
482 0
570 0
591 0
597 0
610 0
711 0
732 0
755 0
760 0
781 0
836 0
888 0
908 0
912 0
955 0
d 96/79
Page_0: 
(2, 0)
(5, 3)
(7, 5)
(8, 5)
(11, 9)
(12, 9)
(15, 13)
(17, 15)
(20, 17)
(20, 18)
(23, 20)
(24, 20)
(26, 24)
(27, 24)
(30, 27)
(30, 28)
Page_1: 
(3, 1)
(4, 1)
(6, 4)
(10, 7)
(14, 11)
(14, 12)
(18, 16)
(22, 18)
(21, 19)
(25, 22)
(25, 23)
(28, 25)
(31, 29)
