c This is a uniform distributed  1-D DIMACS file 
c width height point_number
p 1000 1000 32
7 0
22 0
209 0
215 0
232 0
235 0
237 0
282 0
291 0
338 0
348 0
349 0
438 0
453 0
455 0
513 0
531 0
543 0
564 0
579 0
605 0
617 0
656 0
670 0
732 0
797 0
815 0
827 0
833 0
928 0
945 0
967 0
d 4/3
Page_0: 
(5, 0)
(5, 1)
(4, 2)
(5, 2)
(7, 5)
(11, 7)
(11, 8)
(14, 12)
(15, 12)
(17, 15)
(21, 17)
(21, 18)
(21, 19)
(24, 22)
(25, 22)
(28, 25)
(29, 25)
(28, 26)
(31, 29)
Page_1: 
(9, 3)
(6, 4)
(8, 4)
(11, 9)
(12, 9)
(13, 9)
(16, 14)
(18, 16)
(19, 16)
(23, 20)
(23, 21)
(27, 24)
(30, 28)
