c This is a uniform distributed  1-D DIMACS file 
c width height point_number
p 1000 1000 32
7 0
13 0
32 0
40 0
41 0
50 0
58 0
193 0
238 0
298 0
348 0
430 0
460 0
461 0
489 0
525 0
534 0
561 0
592 0
596 0
603 0
666 0
707 0
710 0
743 0
859 0
892 0
948 0
951 0
959 0
970 0
982 0
d 17/11
Page_0: 
(3, 1)
(5, 3)
(7, 5)
(10, 8)
(12, 10)
(14, 12)
(16, 14)
(20, 18)
(24, 22)
(26, 24)
(28, 26)
(30, 28)
Page_1: 
(2, 0)
(4, 2)
(6, 4)
(9, 7)
(11, 9)
(13, 11)
(17, 15)
(19, 17)
(21, 19)
(23, 21)
(27, 25)
(29, 27)
(31, 29)
