c This is a uniform distributed  1-D DIMACS file 
c width height point_number
p 1000 1000 32
43 0
49 0
76 0
84 0
95 0
132 0
234 0
352 0
380 0
452 0
462 0
486 0
523 0
604 0
629 0
642 0
675 0
690 0
693 0
697 0
706 0
741 0
784 0
802 0
825 0
836 0
894 0
939 0
942 0
943 0
962 0
972 0
d 52/41
Page_0: 
(3, 0)
(3, 1)
(5, 3)
(8, 5)
(8, 6)
(11, 9)
(12, 9)
(14, 12)
(16, 14)
(18, 16)
(20, 18)
(23, 20)
(23, 21)
(26, 24)
(30, 28)
(31, 28)
Page_1: 
(7, 1)
(4, 2)
(6, 2)
(10, 7)
(10, 8)
(13, 11)
(15, 13)
(17, 15)
(19, 17)
(21, 17)
(25, 22)
(25, 23)
(30, 25)
(29, 26)
(29, 27)
