c This is a uniform distributed  1-D DIMACS file 
c width height point_number
p 1000 1000 32
81 0
85 0
93 0
106 0
123 0
132 0
146 0
179 0
180 0
199 0
237 0
244 0
246 0
283 0
322 0
408 0
440 0
441 0
470 0
477 0
602 0
676 0
693 0
716 0
855 0
857 0
878 0
909 0
932 0
958 0
961 0
995 0
d 47/39
Page_0: 
(2, 0)
(4, 2)
(6, 4)
(7, 4)
(9, 7)
(11, 9)
(13, 11)
(15, 13)
(18, 16)
(19, 16)
(23, 21)
(25, 23)
(28, 26)
(31, 29)
Page_1: 
(3, 0)
(3, 1)
(5, 3)
(6, 3)
(8, 6)
(12, 9)
(12, 10)
(14, 12)
(17, 14)
(17, 15)
(20, 18)
(22, 20)
(24, 22)
(26, 24)
(27, 24)
(30, 27)
(30, 28)
